0 1
1 2
2 3
3 4
4 5
5 4
6 6
7 4
8 2
9 2
10 3
11 7
12 7
13 1
14 7
15 4
16 2
17 3
18 4
19 7
20 1
21 5
22 2
23 2
24 1
25 2
26 1
27 4
28 2
29 4
30 4
31 5
32 4
33 4
34 5
35 4
36 1
37 6
38 1
39 2
40 5
41 5
42 1
43 1
44 4
45 1
46 2
47 3
48 3
49 1
50 4
51 2
52 2
53 6
54 7
55 7
56 7
57 2
58 2
59 1
60 2
61 4
62 2
63 5
64 2
65 1
66 5
67 2
68 5
69 4
70 4
71 2
72 1
73 4
74 7
75 1
76 1
77 5
78 4
79 4
80 5
81 5
82 7
83 7
84 5
85 2
86 3
87 4
88 6
89 2
90 1
91 3
92 4
93 7
94 7
95 3
96 3
97 1
98 4
99 5
100 1
101 5
102 2
103 5
104 1
105 5
106 2
107 5
108 1
109 6
110 1
111 5
112 6
113 6
114 6
115 4
116 6
117 2
118 3
119 4
120 2
121 4
122 3
123 2
124 3
125 5
126 2
127 5
128 1
129 2
130 1
131 1
132 6
133 2
134 1
135 6
136 5
137 6
138 4
139 5
140 6
141 2
142 2
143 4
144 7
145 3
146 1
147 2
148 2
149 3
150 6
151 6
152 3
153 2
154 2
155 6
156 6
157 1
158 4
159 4
160 3
161 4
162 7
163 2
164 2
165 6
166 4
167 2
168 2
169 1
170 4
171 6
172 2
173 2
174 4
175 2
176 3
177 4
178 1
179 4
180 6
181 2
182 7
183 2
184 6
185 6
186 3
187 4
188 2
189 2
190 5
191 2
192 1
193 5
194 7
195 7
196 7
197 7
198 1
199 4
200 4
201 7
202 2
203 3
204 5
205 3
206 5
207 1
208 2
209 7
210 2
211 6
212 7
213 7
214 3
215 1
216 2
217 2
218 6
219 7
220 2
221 2
222 2
223 7
224 7
225 7
226 6
227 4
228 2
229 2
230 4
231 5
232 4
233 7
234 2
235 5
236 3
237 4
238 6
239 1
240 1
241 5
242 5
243 3
244 4
245 3
246 3
247 2
248 4
249 5
250 6
251 5
252 4
253 2
254 2
255 2
256 7
257 5
258 7
259 1
260 7
261 4
262 1
263 2
264 2
265 3
266 1
267 6
268 3
269 3
270 3
271 3
272 5
273 2
274 5
275 1
276 5
277 2
278 2
279 6
280 5
281 3
282 2
283 6
284 1
285 2
286 2
287 2
288 4
289 6
290 6
291 6
292 6
293 6
294 6
295 6
296 6
297 6
298 6
299 6
300 6
301 6
302 6
303 6
304 6
305 6
306 6
307 6
308 6
309 6
310 6
311 6
312 6
313 6
314 6
315 6
316 6
317 6
318 6
319 6
320 6
321 6
322 6
323 6
324 6
325 6
326 6
